20
0.00 1.17 1.22 0.52 0.64 0.24 1.66 1.09 0.46 0.41 0.52 0.89 1.08 1.46 1.24 0.93 0.76 0.63 0.56 0.84
1.17 0.00 1.53 0.67 1.00 1.20 0.80 0.59 0.80 1.48 1.02 0.95 0.35 1.12 0.69 0.52 0.83 1.16 1.43 0.72
1.22 1.53 0.00 1.43 0.78 0.88 1.06 1.35 0.83 1.11 0.88 0.87 1.60 0.54 0.50 1.22 1.31 0.95 0.51 1.14
0.52 0.67 1.43 0.00 0.95 0.76 0.94 0.68 0.51 0.86 1.25 0.64 0.84 1.27 1.12 0.34 0.70 0.53 0.96 0.78
0.64 1.00 0.78 0.95 0.00 0.26 1.19 0.76 0.53 0.89 0.61 0.92 1.26 0.78 0.66 0.98 0.72 0.27 0.72 0.59
0.24 1.20 0.88 0.76 0.26 0.00 1.57 0.84 0.53 0.54 0.35 0.88 1.41 0.97 0.76 0.90 0.84 0.37 0.51 0.65
1.66 0.80 1.06 0.94 1.19 1.57 0.00 0.61 1.43 1.19 1.74 0.95 0.98 0.57 0.95 0.70 1.21 0.89 1.34 0.75
1.09 0.59 1.35 0.68 0.76 0.84 0.61 0.00 1.26 1.23 0.89 0.59 1.26 0.39 0.90 0.71 1.25 0.58 0.86 0.37
0.46 0.80 0.83 0.51 0.53 0.53 1.43 1.26 0.00 0.89 0.80 0.97 0.77 1.36 0.74 0.78 0.67 0.75 0.77 0.86
0.41 1.48 1.11 0.86 0.89 0.54 1.19 1.23 0.89 0.00 0.93 1.49 1.09 1.30 1.33 1.13 1.05 0.78 0.86 0.69
0.52 1.02 0.88 1.25 0.61 0.35 1.74 0.89 0.80 0.93 0.00 0.91 1.29 0.88 0.78 1.32 1.24 1.05 0.42 0.74
0.89 0.95 0.87 0.64 0.92 0.88 0.95 0.59 0.97 1.49 0.91 0.00 1.50 0.66 0.83 0.58 1.03 0.63 0.51 1.13
1.08 0.35 1.60 0.84 1.26 1.41 0.98 1.26 0.77 1.09 1.29 1.50 0.00 1.70 1.18 0.89 0.57 1.44 1.73 1.11
1.46 1.12 0.54 1.27 0.78 0.97 0.57 0.39 1.36 1.30 0.88 0.66 1.70 0.00 0.63 1.10 1.63 0.76 0.57 0.56
1.24 0.69 0.50 1.12 0.66 0.76 0.95 0.90 0.74 1.33 0.78 0.83 1.18 0.63 0.00 0.54 1.06 0.88 0.94 0.85
0.93 0.52 1.22 0.34 0.98 0.90 0.70 0.71 0.78 1.13 1.32 0.58 0.89 1.10 0.54 0.00 0.66 0.61 1.24 0.96
0.76 0.83 1.31 0.70 0.72 0.84 1.21 1.25 0.67 1.05 1.24 1.03 0.57 1.63 1.06 0.66 0.00 0.64 1.55 1.48
0.63 1.16 0.95 0.53 0.27 0.37 0.89 0.58 0.75 0.78 1.05 0.63 1.44 0.76 0.88 0.61 0.64 0.00 0.79 0.72
0.56 1.43 0.51 0.96 0.72 0.51 1.34 0.86 0.77 0.86 0.42 0.51 1.73 0.57 0.94 1.24 1.55 0.79 0.00 0.70
0.84 0.72 1.14 0.78 0.59 0.65 0.75 0.37 0.86 0.69 0.74 1.13 1.11 0.56 0.85 0.96 1.48 0.72 0.70 0.00
